FORMAT  : -----------------%s------------------------------ REGULARIZATION VALUE
[  LEARNT THETA FOR REGULARIZATION VALUE i ] RMSE VALUE
[  PREDICTED VALUES  ]

----------------------------%s-------------------------------- 0.0
[ 0.01901783  0.04377046  0.03318901  0.04679138  0.48290456] 0.857804310156
[ 634972.85540273  634972.85540273  635296.10449905 ...,  213549.13688374
  635532.52081805  213442.7689504 ]

----------------------------%s-------------------------------- 0.2
[ 0.02253221  0.05471211  0.10947721  0.10747078  0.37291481] 0.869623762982
[ 605127.13441011  605127.13441011  632439.42737822 ...,  278495.8136734
  632734.94257216  278362.85609846]

----------------------------%s-------------------------------- 0.5
[ 0.0189893   0.04803075  0.03751655  0.04744962  0.47834248] 0.858262179584
[ 632696.05705079  632696.05705079  635336.08955833 ...,  217121.06011289
  635595.51686274  217004.33912535]

----------------------------%s-------------------------------- 0.6
[ 0.02289873  0.04330112  0.03885762  0.04408121  0.48176931] 0.859154355032
[ 633625.15010331  633625.15010331  638915.77996498 ...,  219188.72136497
  639149.66123635  219083.49399493]

----------------------------%s-------------------------------- 0.8
[ 0.02073901  0.0534001   0.10042262  0.09509269  0.39002921] 0.867625879025
[ 607624.13158508  607624.13158508  633778.75509807 ...,  270443.28702939
  634067.18375939  270313.51781231]

----------------------------%s-------------------------------- 1.0
[ 0.02212864  0.05160172  0.09542246  0.09678311  0.39302567] 0.866755556004
[ 610844.33944925  610844.33944925  633084.63921981 ...,  266587.06170051
  633363.35432432  266461.6627865 ]

----------------------------%s-------------------------------- 1.5
[ 0.01958989  0.04362754  0.0119706   0.02490326  0.51754529] 0.856717184102
[ 643249.12986924  643249.12986924  637795.02739201 ...,  195778.21742467
  638030.67175242  195672.19680931]


